0000008
1884008
8041412
8041413
1208014
1884108
8046C16
8046C17
8600018
1884208
804141A
804141B
0CA4308
0000000
1841408
000000F
0411008
0000000
40000A2
4080323
0411808
0000000
40000A6
4080327
40000A8
0000000
40000AA
40000AB
0000000
1900008
0000000
0000000
0000000
0000000
1900008
00000C8
0416008
0000000
1900008
00000C8
2100038
0000000
810003A
810003B
0000000
00000C8
0000000
0000000
0000000
0000000
0000000
0000000
0000000
0000000
0000000
0000000
0000020
0000000
400009D
408032D
0000000
0000000
0000000
0000000